RMSE: 9.89949
PSNR: 28.2185
SSIM: 0.95137
