RMSE: 10.0995
PSNR: 28.0448
SSIM: 0.932406
RMSE: 10.4403
PSNR: 27.7565
SSIM: 0.937083
RMSE: 10.8167
PSNR: 27.4489
SSIM: 0.914978
