RMSE: 8.83176
PSNR: 29.2099
SSIM: 0.939611
RMSE: 9.32738
PSNR: 28.7356
SSIM: 0.937812
RMSE: 9.21954
PSNR: 28.8366
SSIM: 0.928456
