JBU: 0.463589 seconds
JBMU: 3.54121 seconds
IU: 0.599001 seconds
