JBU: 0.839647 seconds
JBMU: 7.39991 seconds
IU: 1.16514 seconds
