JBU: 0.188807 seconds
JBMU: 1.45025 seconds
IU: 0.25399 seconds
