RMSE: 11.4018
PSNR: 26.9914
SSIM: 0.92339
RMSE: 11.5758
PSNR: 26.8598
SSIM: 0.934968
RMSE: 12.2882
PSNR: 26.341
SSIM: 0.903054
