RMSE: 18
PSNR: 23.0254
SSIM: 0.916904
RMSE: 18.0278
PSNR: 23.012
SSIM: 0.92925
RMSE: 18.735
PSNR: 22.6777
SSIM: 0.900483
