JBU: 0.190804 seconds
JBMU: 1.49529 seconds
IU: 0.260749 seconds
