JBU: 0.90973 seconds
JBMU: 8.05524 seconds
IU: 1.26544 seconds
