RMSE: 12.5698
PSNR: 26.1442
SSIM: 0.934018
RMSE: 12.8841
PSNR: 25.9297
SSIM: 0.931808
RMSE: 13.0384
PSNR: 25.8263
SSIM: 0.922692
