JBU: 0.471345 seconds
JBMU: 3.85608 seconds
IU: 0.651042 seconds
