RMSE: 15.4596
PSNR: 24.3468
SSIM: 0.926542
RMSE: 15.5885
PSNR: 24.2747
SSIM: 0.932227
RMSE: 16.0935
PSNR: 23.9978
SSIM: 0.910717
