JBU: 0.423044 seconds
JBMU: 3.39716 seconds
IU: 0.587884 seconds
