RMSE: 8.66025
PSNR: 29.3802
SSIM: 0.957304
RMSE: 8.7178
PSNR: 29.3227
SSIM: 0.959389
RMSE: 9.11043
PSNR: 28.94
SSIM: 0.952097
