RMSE: 7.28011
PSNR: 30.888
SSIM: 0.962649
RMSE: 7.4162
PSNR: 30.7272
SSIM: 0.962931
RMSE: 7.61577
PSNR: 30.4965
SSIM: 0.958584
