JBU: 0.169859 seconds
JBMU: 1.31121 seconds
IU: 0.233094 seconds
