RMSE: 9.89949
PSNR: 28.2185
SSIM: 0.951956
RMSE: 9.94987
PSNR: 28.1745
SSIM: 0.955551
RMSE: 10.3923
PSNR: 27.7966
SSIM: 0.946809
