JBU: 0.815733 seconds
JBMU: 7.08168 seconds
IU: 1.12875 seconds
