RMSE: 18.303
PSNR: 22.8804
SSIM: 0.92513
RMSE: 18.6548
PSNR: 22.715
SSIM: 0.927336
RMSE: 18.868
PSNR: 22.6163
SSIM: 0.919369
