JBU: 0.475255 seconds
JBMU: 3.86524 seconds
IU: 0.653571 seconds
