JBU: 0.912558 seconds
JBMU: 8.04913 seconds
IU: 1.26641 seconds
