RMSE: 14.1774
PSNR: 25.0988
SSIM: 0.935215
RMSE: 14.4568
PSNR: 24.9293
SSIM: 0.934459
RMSE: 14.4568
PSNR: 24.9293
SSIM: 0.930971
