RMSE: 16.2788
PSNR: 23.8983
SSIM: 0.930407
RMSE: 16.6433
PSNR: 23.706
SSIM: 0.931045
RMSE: 16.8226
PSNR: 23.6129
SSIM: 0.924595
