JBU: 0.190841 seconds
JBMU: 1.49187 seconds
IU: 0.262517 seconds
