RMSE: 15.4919
PSNR: 24.3287
SSIM: 0.950744
RMSE: 15.5242
PSNR: 24.3106
SSIM: 0.957185
RMSE: 15.9374
PSNR: 24.0825
SSIM: 0.940426
