RMSE: 13.1149
PSNR: 25.7755
SSIM: 0.956711
RMSE: 13.2665
PSNR: 25.6757
SSIM: 0.95992
RMSE: 13.4907
PSNR: 25.5301
SSIM: 0.947944
