JBU: 0.42786 seconds
JBMU: 3.47392 seconds
IU: 0.586086 seconds
