JBU: 0.172632 seconds
JBMU: 1.3546 seconds
IU: 0.23533 seconds
