RMSE: 10.3441
PSNR: 27.837
SSIM: 0.962055
RMSE: 10.583
PSNR: 27.6386
SSIM: 0.961991
RMSE: 10.583
PSNR: 27.6386
SSIM: 0.95623
