JBU: 0.824234 seconds
JBMU: 7.25632 seconds
IU: 1.14153 seconds
