JBU: 0.190923 seconds
JBMU: 1.51659 seconds
IU: 0.262234 seconds
