JBU: 0.912985 seconds
JBMU: 8.27382 seconds
IU: 1.26771 seconds
