RMSE: 13.6748
PSNR: 25.4124
SSIM: 0.916425
RMSE: 13.8924
PSNR: 25.2752
SSIM: 0.916145
RMSE: 13.9284
PSNR: 25.2528
SSIM: 0.912008
