RMSE: 18.0555
PSNR: 22.9986
SSIM: 0.906913
RMSE: 18.412
PSNR: 22.8288
SSIM: 0.909007
RMSE: 18.5203
PSNR: 22.7779
SSIM: 0.900791
