JBU: 0.473286 seconds
JBMU: 3.93517 seconds
IU: 0.653079 seconds
