RMSE: 15.9687
PSNR: 24.0654
SSIM: 0.911855
RMSE: 16.2481
PSNR: 23.9148
SSIM: 0.913173
RMSE: 16.4012
PSNR: 23.8333
SSIM: 0.905785
