RMSE: 11.9164
PSNR: 26.6079
SSIM: 0.951086
RMSE: 12.6095
PSNR: 26.1168
SSIM: 0.950984
RMSE: 12.2066
PSNR: 26.3989
SSIM: 0.940962
