JBU: 0.864927 seconds
JBMU: 7.94946 seconds
IU: 1.26196 seconds
