RMSE: 16.1864
PSNR: 23.9478
SSIM: 0.937605
RMSE: 16.4924
PSNR: 23.7851
SSIM: 0.948274
RMSE: 17.1172
PSNR: 23.4621
SSIM: 0.915169
