RMSE: 14.1067
PSNR: 25.1423
SSIM: 0.945175
RMSE: 14.6629
PSNR: 24.8064
SSIM: 0.949763
RMSE: 14.7986
PSNR: 24.7264
SSIM: 0.927948
