JBU: 0.180288 seconds
JBMU: 1.41679 seconds
IU: 0.250652 seconds
