JBU: 0.451083 seconds
JBMU: 3.66397 seconds
IU: 0.617111 seconds
