RMSE: 17.1756
PSNR: 23.4326
SSIM: 0.935707
RMSE: 17.2916
PSNR: 23.3741
SSIM: 0.93955
RMSE: 17.5784
PSNR: 23.2312
SSIM: 0.928729
