JBU: 0.193853 seconds
JBMU: 1.54156 seconds
IU: 0.267072 seconds
