JBU: 0.530424 seconds
JBMU: 4.25285 seconds
IU: 0.710462 seconds
