RMSE: 12.083
PSNR: 26.4873
SSIM: 0.945072
RMSE: 12.2474
PSNR: 26.3699
SSIM: 0.94251
RMSE: 12.3288
PSNR: 26.3124
SSIM: 0.939952
