JBU: 0.950184 seconds
JBMU: 8.56339 seconds
IU: 1.36128 seconds
