RMSE: 14.7986
PSNR: 24.7264
SSIM: 0.940743
RMSE: 14.9332
PSNR: 24.6478
SSIM: 0.94149
RMSE: 15.1658
PSNR: 24.5135
SSIM: 0.933913
