JBU: 0.520199 seconds
JBMU: 4.3112 seconds
IU: 0.683203 seconds
