RMSE: 17.1172
PSNR: 23.4621
SSIM: 0.920437
RMSE: 17.4356
PSNR: 23.3021
SSIM: 0.924116
RMSE: 17.6918
PSNR: 23.1754
SSIM: 0.913098
