RMSE: 12.6886
PSNR: 26.0625
SSIM: 0.931117
RMSE: 12.9615
PSNR: 25.8777
SSIM: 0.930572
RMSE: 13
PSNR: 25.8519
SSIM: 0.92608
