JBU: 0.951972 seconds
JBMU: 8.41142 seconds
IU: 1.38948 seconds
