RMSE: 15.0333
PSNR: 24.5897
SSIM: 0.926065
RMSE: 15.2971
PSNR: 24.4386
SSIM: 0.927994
RMSE: 15.5242
PSNR: 24.3106
SSIM: 0.919065
