JBU: 0.218062 seconds
JBMU: 1.65505 seconds
IU: 0.291865 seconds
