JBU: 0.94758 seconds
JBMU: 8.34682 seconds
IU: 1.31715 seconds
