RMSE: 11.7898
PSNR: 26.7007
SSIM: 0.948524
RMSE: 12.1244
PSNR: 26.4576
SSIM: 0.952177
RMSE: 12.4499
PSNR: 26.2275
SSIM: 0.937405
