RMSE: 8.77496
PSNR: 29.2659
SSIM: 0.959768
RMSE: 9.11043
PSNR: 28.94
SSIM: 0.95966
RMSE: 9.16515
PSNR: 28.888
SSIM: 0.951649
