JBU: 0.201368 seconds
JBMU: 1.55892 seconds
IU: 0.278498 seconds
