RMSE: 10.3441
PSNR: 27.837
SSIM: 0.954568
RMSE: 10.6301
PSNR: 27.6
SSIM: 0.956453
RMSE: 10.9087
PSNR: 27.3753
SSIM: 0.944075
