JBU: 0.501497 seconds
JBMU: 4.02694 seconds
IU: 0.714261 seconds
