JBU: 0.504581 seconds
JBMU: 4.15084 seconds
IU: 0.713849 seconds
