RMSE: 11.7473
PSNR: 26.732
SSIM: 0.948411
RMSE: 11.9583
PSNR: 26.5774
SSIM: 0.947538
RMSE: 12.0416
PSNR: 26.5171
SSIM: 0.943078
