RMSE: 17.2047
PSNR: 23.4179
SSIM: 0.93827
RMSE: 17.2916
PSNR: 23.3741
SSIM: 0.943027
RMSE: 17.6635
PSNR: 23.1893
SSIM: 0.930711
