RMSE: 14.6969
PSNR: 24.7863
SSIM: 0.943542
RMSE: 14.8324
PSNR: 24.7066
SSIM: 0.945555
RMSE: 15.1327
PSNR: 24.5324
SSIM: 0.936505
