JBU: 0.950525 seconds
JBMU: 8.62411 seconds
IU: 1.3488 seconds
