JBU: 0.204399 seconds
JBMU: 1.58663 seconds
IU: 0.283856 seconds
