JBU: 0.981223 seconds
JBMU: 8.43143 seconds
IU: 1.33135 seconds
