RMSE: 10.198
PSNR: 27.9605
SSIM: 0.968035
RMSE: 10.4403
PSNR: 27.7565
SSIM: 0.967394
RMSE: 10.3923
PSNR: 27.7966
SSIM: 0.964677
