RMSE: 15.9374
PSNR: 24.0825
SSIM: 0.958274
RMSE: 16.0624
PSNR: 24.0146
SSIM: 0.961096
RMSE: 16.3707
PSNR: 23.8495
SSIM: 0.952617
