JBU: 0.490779 seconds
JBMU: 4.0688 seconds
IU: 0.705936 seconds
