RMSE: 13.3041
PSNR: 25.6511
SSIM: 0.963355
RMSE: 13.5277
PSNR: 25.5063
SSIM: 0.964369
RMSE: 13.7113
PSNR: 25.3892
SSIM: 0.958203
